-7.988450453489853942e+01
-7.980839009711887400e+01
-7.993826288024433779e+01
-7.990983294229188516e+01
-7.992946271406749759e+01
-7.990833272381446761e+01
-7.979293630414598226e+01
-7.969759171234825601e+01
-7.965202204828499077e+01
-7.970496042737718767e+01
-7.954952206944656723e+01
-7.932667318715053284e+01
-7.936328190653458137e+01
-7.936292786302647073e+01
-7.904963974306500063e+01
-7.870873786201627809e+01
-7.838019114962391143e+01
-7.762786149975508465e+01
-7.652715686119509542e+01
-7.365298722149800881e+01
-6.943359839101427156e+01
-6.262263906470220576e+01
-5.591412176532228528e+01
-4.843142894819418132e+01
-4.153518552174538314e+01
-3.527173035010020641e+01
-2.992441445636601216e+01
-2.460661960148416938e+01
-2.123882402340277054e+01
-1.738180950321292428e+01
-1.529372652411226774e+01
-1.311555589880298101e+01
-1.194114405565234094e+01
-2.645558574518897288e+01
-8.408027552881445388e+01
-2.145344720411137587e+02
-2.760266993606444430e+02
-2.595235803950784543e+02
-2.746697545186490288e+02
-2.793264127369507719e+02
-2.725818487280419617e+02
-2.813243010237284807e+02
-2.875186516110642856e+02
-2.807372028341472401e+02
-2.904204724025588575e+02
-2.853261739365653966e+02
-2.804883832181463390e+02
-2.596884874672413730e+02
-2.733523996105865876e+02
-2.755579869909097965e+02
-2.808158119607473395e+02
-2.856630027486963286e+02
-2.594012373364288351e+02
-2.891157568998443708e+02
-2.683233900271573589e+02
-2.719758605962840647e+02
-2.869279769599701240e+02
-3.031533925574181580e+02
-2.873699567115320406e+02
-2.744123832172025459e+02
-2.896525781498021388e+02
-3.177301634358215665e+02
-2.812267219334052584e+02
-2.847961703020371260e+02
-2.872944443797024405e+02
-2.783247637620877413e+02
-2.825306432097054312e+02
-2.838334290379592630e+02
-3.070471116502934592e+02
-2.964444162929167419e+02
-2.782585231632331784e+02
-2.680126684016101990e+02
-2.898982427208886179e+02
-2.801882963442346295e+02
-2.797293432781636966e+02
-2.919095226452427028e+02
-2.738979499917256248e+02
-2.776244362483355985e+02
-3.207129468102176588e+02
-2.997100502072539712e+02
-2.632782031182921969e+02
-2.763329715050838900e+02
-2.970268423666153694e+02
-2.925323163331426599e+02
-2.951107567874511233e+02
-2.936578714923198845e+02
-2.923276005228423173e+02
-2.831757411129304387e+02
-2.751685288918145034e+02
-2.862922156760822077e+02
-2.751492585591912530e+02
-2.811417940825177197e+02
-2.749929424278439569e+02
-2.741827452025575553e+02
-2.796824464003021831e+02
-2.837943044631871885e+02
-2.803475129916188280e+02
-2.695756335568851796e+02
-2.723705905383914114e+02
-2.646315302093215678e+02
-3.057440736218458142e+02
-2.789551341093236374e+02
-2.762776693393307141e+02
-2.740213967746687445e+02
-3.160858975584046675e+02
-2.697065369754789685e+02
-2.752828197362089782e+02
-2.769252022925226129e+02
-3.031124080485525383e+02
-3.034548009885649549e+02
-2.762488420440542427e+02
-2.922071548055298535e+02
-2.784810956646241493e+02
-2.806908484956972529e+02
-2.758581516124491486e+02
-2.926631779860693428e+02
-2.800191294921855274e+02
-2.691405887801527683e+02
-2.815485226663474805e+02
-2.753323883969145527e+02
-2.938939446862058276e+02
-2.725209362326959308e+02
-2.736828882681153345e+02
-2.909751869695570008e+02
-3.042065862154584579e+02
-2.721938936228494299e+02
-2.868790629348974335e+02
-2.775446950986304273e+02
-2.842543835838581003e+02
-2.899705050013304799e+02
-3.008901407407975057e+02
-2.646524278941374178e+02
-2.612391100695724049e+02
-2.782886880927748052e+02
-2.715768500171241726e+02
-2.643989674269748775e+02
-2.883153286889163383e+02
-2.978525063884179076e+02
-2.722779505057982874e+02
-2.971798061807439808e+02
-2.614074148785961711e+02
-2.606517972289244085e+02
-2.610726685159591511e+02
-2.701956655480186669e+02
-2.815307781866833921e+02
-2.921921985929458288e+02
-2.670030291815249370e+02
-2.826736070978936937e+02
-2.773486104053708345e+02
-2.864678956307922135e+02
-2.961927389821819929e+02
-3.112191550928569086e+02
-2.845389958942039925e+02
-2.879815458619542596e+02
-2.977906752801450239e+02
-2.599215484909412908e+02
-2.972094514464924373e+02
-3.089612112954654890e+02
-2.678513151563256542e+02
-2.909052319561016589e+02
-2.591341521557829424e+02
-2.892111691965097293e+02
-2.735990760772786530e+02
-2.768284294673546242e+02
-2.865192264369800341e+02
-2.833857427672209042e+02
-2.859211998573101710e+02
-2.897105968498581774e+02
-2.746926386885976399e+02
-2.769092569278413976e+02
-2.813815278674456977e+02
-2.743601716822882395e+02
-2.850128858956392151e+02
-3.005917441078586307e+02
-3.019061457622581770e+02
-2.863146078775982915e+02
-2.864680819714383802e+02
-2.880018270884630738e+02
-2.906130712718723430e+02
-2.983747937570559543e+02
-2.911979792015369526e+02
-2.751635412840637400e+02
-2.966257765874315737e+02
-2.822893400151318701e+02
-2.765629795678121354e+02
-2.903943229459741815e+02
-2.851173077182680231e+02
-2.925879106077051688e+02
-3.055515004807843411e+02
-2.798633919117772848e+02
-2.818982180223085834e+02
-2.798418282794767720e+02
-2.568451938756787172e+02
-2.967719110262839308e+02
-2.742437502974074732e+02
-2.666598430746873873e+02
-2.662483463200153437e+02
-3.145047965806705292e+02
-2.840480036911354205e+02
-2.876163630752438394e+02
-2.933921193369536695e+02
-2.706532218726237602e+02
-2.582814944550661380e+02
-2.694347497365607182e+02
-3.001572821511809366e+02
-2.840422514676404262e+02
-2.839051578996289891e+02
-2.641172595116478874e+02
-2.906770647462407737e+02
-2.730139869411564746e+02
-2.875592346379913238e+02
-2.641430101522786913e+02
-2.950729746525743735e+02
-2.782653784238789854e+02
-2.546351001296184222e+02
-2.661845086938644158e+02
-2.954000609429213000e+02
-2.973973435134928991e+02
-2.844135280281586233e+02
-2.818387564252332709e+02
-2.699836038584845710e+02
-2.709395057348714317e+02
-2.879830110659285083e+02
-2.758758623409992765e+02
-2.870391833627989513e+02
-3.030027250031947688e+02
-2.923686189570472607e+02
-2.894328387223184222e+02
-2.735650134159424738e+02
-3.005789718875589074e+02
-2.844669650860233787e+02
-2.792293389131787649e+02
-2.960154103719210070e+02
-2.765509137123383994e+02
-2.936725123640706556e+02
-3.053955128091880056e+02
-2.830448123964824276e+02
-2.877989051695287230e+02
-2.859828549528295980e+02
-3.069086686075855255e+02
-2.898362898908882244e+02
-2.906805867363190146e+02
-2.766504012856767645e+02
-2.794910913359544793e+02
-2.902881799980702340e+02
-2.718711374443860791e+02
-2.790614735106361763e+02
-2.813120363037392622e+02
-2.811254522370855398e+02
-2.890610791925092826e+02
-2.737665733512380939e+02
-2.843328324223739969e+02
-2.793295976238953244e+02
-2.738813902197862831e+02
-2.707279991754137995e+02
-2.638246781215030410e+02
-2.855358338124834745e+02
-2.632643707012392156e+02
-2.634511697298370336e+02
-2.850606235380657267e+02
-2.701705497435463599e+02
-2.975165513632585998e+02
-2.648282247069033701e+02
-3.052317891529182816e+02
-2.918956100430807510e+02
-2.787450442714306291e+02
-2.892711475626335300e+02
-2.822886006596135076e+02
-2.949353700353098020e+02
-2.993842492464403904e+02
-2.898036442937281549e+02
-2.782885846222387727e+02
-2.894363286074678285e+02
-2.947387546752489698e+02
-2.877471600547661978e+02
-2.705917902439369414e+02
-2.823951767687467509e+02
-2.789876403154535751e+02
-2.786716881648711706e+02
-2.654318689413673269e+02
-2.718526098179789869e+02
-2.818060491435506947e+02
-2.725047361271785462e+02
-2.895333396609717624e+02
-2.645906997263928702e+02
-2.794104797315850988e+02
-2.769980028821991596e+02
-2.839240964304082695e+02
-2.803146055126268266e+02
-2.771801667158989062e+02
-2.739849814511624118e+02
-3.150308886927228968e+02
-2.774939465810317074e+02
-2.727455138910817709e+02
-2.860414096835372106e+02
-2.867606638292268144e+02
-2.917200243294944357e+02
-2.734697622151766723e+02
-2.860657509481743546e+02
-2.449043214308303220e+02
-2.809416559597865444e+02
-3.045634938095005282e+02
-2.985191219961357092e+02
-2.800587622157017336e+02
-2.855851486180546317e+02
-2.411871037368767645e+02
-2.816438631168815618e+02
-3.054020292013502740e+02
-2.662948876152991602e+02
-2.748724053615263756e+02
-2.597566569477222060e+02
-2.782037169152388856e+02
-2.789736434604288320e+02
-2.987588147095236195e+02
-2.782158405044029905e+02
-2.743257518402050437e+02
-2.762754689694772878e+02
-2.871264951600263089e+02
-2.572985324115841763e+02
-2.786086221906954279e+02
-2.751681904676271984e+02
-2.850731824569015203e+02
-2.888908404249535806e+02
-2.588601979375486053e+02
-2.873446316931243132e+02
-2.753720932855848105e+02
-2.754886191002284477e+02
-2.846117284634934208e+02
-2.920324804196807804e+02
-2.653991621198364896e+02
-2.642286292011498290e+02
-3.046209446677882511e+02
-2.933062324524436804e+02
-2.798688338038951429e+02
-2.761028596659883760e+02
-2.802825260957362730e+02
-2.625481976686891130e+02
-2.645133474522402253e+02
-2.633017091533744747e+02
-2.806842877221417893e+02
-2.632096418385604011e+02
-2.761609614328203861e+02
-2.955990396066871426e+02
-2.653601214048609336e+02
-2.862361289903546435e+02
-2.754128889574996037e+02
-2.599272190729271301e+02
-2.853435589877907432e+02
-2.912227955451324419e+02
-2.803871329054354078e+02
-2.601381470388870412e+02
-2.925980694394938837e+02
-2.753526522332468858e+02
-2.787232536241888283e+02
-2.857999088704876272e+02
-2.851362129474092058e+02
-2.611412790280155605e+02
-2.900827933209004073e+02
-2.843959507153198274e+02
-2.908094867644362012e+02
-2.886443399641021870e+02
-2.944190716595630306e+02
-2.905194480535475350e+02
-2.797751681795551235e+02
-2.992874560484857511e+02
-2.886624892224700716e+02
-2.608401306299876978e+02
-2.645048439528586641e+02
-2.930479217485585082e+02
-2.875440840180212945e+02
-3.055386130589328104e+02
-2.723748817348549665e+02
-3.023669245321802350e+02
-2.863361213021964886e+02
-2.750671060989317311e+02
-2.736464837528226894e+02
-2.716117803204303414e+02
-2.903439399863055996e+02
-2.985738974264345984e+02
-2.778113383902987152e+02
-2.800113007401812979e+02
-2.865556430729143926e+02
-2.856782606407000458e+02
-2.793604138339206884e+02
-2.796614988667221269e+02
-2.954001872853123700e+02
-2.763493378712822732e+02
-2.985075387517724153e+02
-2.957856837555538618e+02
-2.896966997575736968e+02
-3.038770700166800793e+02
-2.830094618040236583e+02
-2.791331607037249682e+02
-2.822282986487679750e+02
-2.785117364676667648e+02
-2.892438303407194553e+02
-2.960745608028055358e+02
-2.640144575882963522e+02
-2.655253777706034271e+02
-2.893066753532665416e+02
-2.707867135189411556e+02
-2.757679368783906853e+02
-2.749007450598058426e+02
-2.804320739413296337e+02
-2.887072557884267781e+02
-2.703407073623182555e+02
-2.666730509838429839e+02
-2.799445614681896473e+02
-2.903640196459753042e+02
-2.626279942422024192e+02
-2.631089619601543177e+02
-3.002275598257060665e+02
-2.786390197619626292e+02
-2.709547297296303441e+02
-2.881778296519766513e+02
-2.746472402874893532e+02
-2.876385284808179108e+02
-2.983461068099451836e+02
-2.695941007754983048e+02
-2.834280188954875825e+02
-2.743140675491472393e+02
-2.765877303625567833e+02
-2.870090642205793756e+02
-2.555998171984741418e+02
-2.659429363216028150e+02
-2.684572648249782674e+02
-2.729292539667293909e+02
-3.083084372979005821e+02
-2.710682062339288905e+02
-2.837798185408987592e+02
-2.857757816133022288e+02
-2.734735978680451467e+02
-2.841651241809047974e+02
-2.984889506844878611e+02
-2.713427354438703105e+02
-2.683553095363097896e+02
-2.806615794838794500e+02
-2.791428783835109471e+02
-2.808991236958881359e+02
-2.758661680310319753e+02
-2.871359062906932422e+02
-2.587458745262755997e+02
-3.086702437180862830e+02
-3.030505651906385651e+02
-2.891746665108884713e+02
-2.803820926169068457e+02
-2.735395804535598359e+02
-2.875755005486444702e+02
-2.629078272990473693e+02
-2.868180124395413486e+02
-3.040663729483522957e+02
-2.944498303476798355e+02
-2.753812634444929586e+02
-2.617570704408321376e+02
-2.954481417966257482e+02
-3.065089857122147805e+02
-2.981578889187738923e+02
-2.682950597289068924e+02
-2.969140541105196576e+02
-2.754971572881780730e+02
-2.581692386376726063e+02
-2.889256623670016779e+02
-2.910816181973484049e+02
-2.736561794148208833e+02
-2.884138370039050301e+02
-2.720610820944110060e+02
-2.882186550398645863e+02
-3.004479387698215191e+02
-2.877039213529855033e+02
-2.985904669996576786e+02
-2.848447523705194726e+02
-2.821051060668371520e+02
-2.654283680921472524e+02
-2.998082611635457511e+02
-3.051727831191029168e+02
-2.934119089337453943e+02
-2.802718288412971788e+02
-2.995256277090773551e+02
-2.845457826768803216e+02
-2.917224099975591685e+02
-2.950910922810570014e+02
-2.914812421540523246e+02
-2.607773159316403735e+02
-2.748722016934697194e+02
-2.785976579674313029e+02
-2.645002093753583949e+02
-3.061126783351741665e+02
-2.846636458817378639e+02
-2.902693551230668731e+02
-2.844285431879754356e+02
-3.013857807759754337e+02
-2.794266817941186787e+02
-2.871059377485855748e+02
-2.840255307452550255e+02
-2.728561501736003265e+02
-2.844518433724984448e+02
-2.791703033139726813e+02
-2.687610946027380692e+02
-2.595940352256836832e+02
-2.763838453936301676e+02
