-8.107142367267197464e-05
-2.112946451269089899e-03
-7.029464419997700922e-04
-4.162767879558461163e-03
1.341964417203725195e-04
3.155267894527476191e-03
1.098750010611755298e-03
-1.421607167020973303e-03
-1.034642845591796350e-03
-2.296517880201073142e-03
2.145535668557770569e-04
-7.309821587721149509e-04
-7.185714195016766571e-04
1.855357210018811285e-04
-8.075000074492504759e-04
2.692857222964187150e-04
-4.657321461083900951e-03
-4.590000042558780614e-03
-5.837767892989463407e-03
-2.715535711077971502e-03
-4.994553547878084580e-03
2.796964340331031026e-03
6.146964302426206027e-03
7.091785755128197574e-03
-1.008553588371059219e-02
9.228569444668070646e-04
2.155392859732465846e-02
1.716392833698940010e-02
6.446517518282469592e-03
1.555696363017362339e-02
1.735598151619279980e-02
1.567767827737012384e-02
-1.025089734839276529e-03
2.184374999269577539e-02
3.857411055393254479e-03
1.616642848050354672e-02
5.815089201807443001e-03
4.506339013017710005e-03
1.162428567951678642e-02
-4.026339550416120107e-03
2.047669615279883518e-02
-8.153750085604505662e-03
4.614821146408630732e-03
1.180803591051538329e-02
2.422973188824418395e-02
1.883973200079053917e-02
1.424303545708369145e-02
-4.418750145359499545e-03
1.904767833609533056e-02
8.203482175877846796e-03
1.342651789359348806e-02
1.708446446943895358e-02
3.057830336747824340e-02
-1.322214290212972779e-02
-1.627839295657218521e-02
2.572401744408666160e-02
1.603732131780124734e-02
1.551517833382822474e-02
4.196785611040619764e-03
1.744187487916621856e-02
-5.907053699610489983e-03
1.137687479902191670e-02
2.409249981585225367e-02
8.984017908373581607e-03
1.963651798526490702e-02
1.465848211791765006e-02
2.381696424351206418e-02
6.729821513054357225e-03
8.577588955253099418e-03
2.755392847101070103e-02
4.100356817544838564e-03
9.779461111673831784e-04
1.336116078249843971e-02
2.321660697742232091e-02
1.730178581677104671e-03
2.257160708843064870e-02
2.567500139373754629e-03
1.264714263462727965e-02
-6.745357209304337319e-03
5.358749934345751267e-03
-9.514285305514898249e-04
2.836874986096684162e-02
2.764999659578977996e-03
1.983178562486676705e-02
8.165535669554290291e-03
9.124374777810377937e-03
1.397651756849539392e-02
5.923035663545929246e-03
-2.385713833916417608e-04
1.261053547150056166e-02
2.194731910579971346e-03
1.888160699204808127e-02
6.058660406186910929e-03
5.999821203714237119e-03
1.722544669802966374e-02
1.698348182681282473e-02
2.056830341796657066e-02
1.476616040162210056e-02
1.750249972678055363e-02
1.572232123492951078e-02
1.131178544596768767e-02
1.518374976435942457e-02
-7.865179321063404949e-04
1.252937467866577226e-02
1.597678538580158888e-02
5.352678253940705740e-03
7.212497177134677374e-04
2.876187486693129736e-02
5.270267537296085582e-03
-3.694107154523955123e-03
1.974008915260700228e-02
1.709901759729588050e-02
-6.145714308274913447e-03
-1.004776813830249305e-02
1.002901801634580037e-02
6.275089211928256382e-03
-1.152857154454770992e-03
-5.803303465726118368e-03
1.214232103318375368e-02
1.881258926377631785e-02
1.392562479929599327e-02
1.218348182621411743e-02
1.434205364304195866e-02
5.590446191154687348e-03
1.350624986486509416e-02
-7.992410768708215277e-03
2.162017833161434741e-02
3.529285728232932351e-03
1.836133942665932328e-02
9.201964017096908935e-03
1.274446420348249176e-02
6.916963976428706050e-03
2.405133901220480458e-02
1.766446397478824842e-02
1.668348200043795818e-02
1.636026766713309655e-02
1.770303532294264029e-02
4.419553493555369861e-03
1.790982120782136366e-02
1.521598185501061261e-02
2.868446413838038681e-02
-8.127857398228455904e-03
2.132499985014354310e-02
1.704991063658547676e-02
6.005624725776059249e-03
1.908928612466638660e-03
7.359374670883905845e-03
1.839321392761277332e-02
7.299731755070391036e-03
1.660330334720867135e-02
2.349098197096027851e-02
1.828017831299055124e-02
1.577080324654733454e-02
5.376070969930981172e-03
1.614553548244626602e-02
1.596017834953297743e-02
-3.494732224142967601e-03
8.940177846966037992e-04
1.225223200134267602e-02
8.812946126370556701e-03
2.070794625424646554e-02
2.324383906186558435e-02
1.966464288102994992e-02
3.101080353067787662e-02
-1.161964230804837404e-03
6.957053553698851027e-03
1.948660705308430038e-02
1.563848188382440524e-02
1.242464301214952702e-02
-1.893214161973448811e-03
6.481428612229814604e-03
9.562678306563090688e-03
2.062374991445934877e-02
3.659374568385204314e-03
3.297839278842189248e-02
2.134607137447621858e-02
4.152464293080515567e-02
2.408062480594297741e-02
2.214482142758289820e-02
3.022214278640624613e-02
1.114098169270770142e-02
-6.140357252163812334e-03
1.385589282200671082e-02
1.447223188913693455e-02
-5.295535933385995750e-03
1.582392841368647149e-02
1.483526768494130253e-02
1.973232120715214671e-02
-1.719017910671286628e-03
8.753571145908375581e-03
2.195491054645473672e-02
2.222323079859594313e-04
2.462053558825780947e-02
2.961071527955527836e-03
2.958928694862081495e-03
1.496410693423157190e-02
3.301955350797090849e-02
1.168660706519149446e-02
-1.211964242253454763e-03
-1.043660728518319356e-02
1.720580322092531839e-02
1.803410707823266748e-02
8.572142634434360559e-03
9.010356924263759892e-03
-2.988571409348931250e-03
6.334196060569953837e-03
4.391607193555682395e-03
2.451294631352647982e-02
3.138303183225380454e-03
2.167053184877813961e-03
-1.150714232925596509e-03
1.691767835313055454e-02
1.633035239497447610e-04
-1.367678461782635127e-03
-6.578660687877402671e-03
1.696116051042585379e-02
-5.702053787253269848e-03
1.392973209091328927e-02
7.363838967607754492e-03
1.758758902807852978e-02
2.275071409699906330e-02
1.965348212887932031e-02
8.109285789588466589e-03
1.602821403291475669e-02
5.156964022074160200e-03
2.767142827296627250e-03
2.249017686376877934e-03
1.494303595736356204e-02
2.554883914893893437e-02
-1.622500175044738063e-03
5.002053341775066810e-03
1.195455332304617459e-02
9.480714073484499196e-03
8.579462031168629032e-04
1.896991043817916611e-02
1.722919645681977516e-02
6.884017671644688738e-03
2.015473178438177346e-02
9.142321230504393478e-03
2.189107197449944447e-03
7.715714254815661879e-03
1.003749985504629946e-02
2.881830347997268310e-02
1.219741093334741379e-02
3.443124689660698439e-03
1.181303538388705186e-02
1.384142867095901515e-02
2.308276750084145915e-02
7.504910403975683687e-03
6.549731725354550338e-03
1.776062468984829223e-02
-1.745536586402771453e-04
2.245062481519500414e-02
-5.937497855297122916e-05
1.939008915605954994e-02
1.319249985389677783e-02
2.839687500909369305e-02
5.626339436056361325e-03
3.152999999363507305e-02
2.594714279428257317e-02
2.098017835134108680e-02
2.594535700227133465e-02
3.081133928831800151e-02
1.704196350036984043e-03
-4.096785866888238634e-03
-3.657053893498548539e-03
1.248767836808360558e-02
1.200107132779168473e-02
-5.106517848232758859e-03
1.777375015339681050e-02
9.177499973447992773e-03
1.649276763705004312e-02
2.522705341457787825e-02
1.015267830890204462e-02
1.409741036274602885e-02
1.694339266123383661e-02
5.182142540479877692e-03
1.057526760121940343e-02
3.034991060640396601e-02
-3.968929059677093509e-03
2.349482118031009231e-02
-1.483142882316107469e-02
5.628214163413004789e-03
1.979937455371421490e-02
9.218839046245970101e-03
1.340401744028287510e-02
-1.117026813106744045e-02
2.677633921210654383e-02
1.322562477417023839e-02
1.822473192081254176e-02
9.493660284625369400e-03
-1.004535697912796802e-02
3.651801834016051110e-05
4.871249777457810175e-03
1.412026763239077401e-02
1.975366085042644729e-02
2.343428556722190054e-02
7.347946111033004137e-03
9.360267865943851587e-03
8.350178476808864728e-03
2.084241066208508339e-02
2.650892770316972606e-04
2.133491062635688509e-02
9.595089285860638334e-03
2.262526771512015158e-02
2.361910703082436419e-02
2.332589324397436360e-03
1.469053583640072928e-02
2.726767842770954145e-02
3.010803342065107406e-03
2.006392814757834708e-02
1.082446413528440066e-02
1.308303622036639672e-03
2.402973205510394381e-02
2.279651759463095437e-02
-2.942857232264101293e-03
6.803392506164631162e-03
1.917687499971527584e-02
2.654026762069468595e-02
7.923303464114933581e-03
-7.052677555142741707e-04
3.483214190801872667e-03
1.977339271705464557e-02
3.014312512623146256e-02
8.009910949938265495e-03
-3.848571508969850490e-03
1.119553400329978280e-03
1.394160710542595959e-02
6.359999782000004542e-03
2.550330342593203764e-02
1.796812470776826959e-02
2.091437470437959231e-02
1.436321402131579723e-02
4.260357306558374378e-03
1.707508890648106251e-02
2.660250000457412348e-02
5.319999614304732685e-03
1.221607095056346549e-02
2.022231798559159972e-03
1.209107054650253570e-03
-2.947053950985096919e-03
1.486187527943402462e-02
1.788187477016555532e-02
1.195133909414123133e-02
-1.675714284069171681e-02
2.024999635407167403e-03
2.154151765513899128e-02
2.354366051299897067e-02
-1.204553587016254533e-03
4.410981955146421607e-03
-1.162875003064981795e-02
5.376696402659373979e-03
2.220062504829838773e-02
9.722053646988101580e-03
4.484196334006263808e-03
-6.045982343031635307e-03
2.400071399187270194e-02
1.154464251818135452e-02
7.310089059706243071e-03
3.587500086293688318e-03
1.619223186561970923e-02
5.989553017362161079e-03
4.530803111714443165e-03
6.859642939296152139e-03
1.387866035050579379e-02
2.062830333138948591e-02
2.042410698172504244e-02
2.037124991710296748e-02
-6.150089366567724168e-03
-5.548928559744465902e-03
1.156366047167352480e-02
-1.403571757594388857e-03
1.472767879867124948e-03
2.034267839676301426e-02
1.881410698256055780e-02
6.963928592444534708e-03
-1.448482206643428565e-03
1.747223171187298890e-02
1.565919616972762454e-02
9.819642853510697836e-03
-9.732589340349670146e-03
2.096526773523406731e-02
1.390616042374500337e-02
1.614214272502410147e-02
3.445446383194734202e-03
5.995892859024130536e-03
4.755000024468505025e-03
9.173838994552249715e-03
1.308883897018884614e-02
-9.919999988390394360e-03
1.657830348431265852e-02
1.071535689905285700e-02
-1.124071439706852971e-02
2.039312483641718063e-02
2.949124978339033240e-02
9.151606897737031912e-03
4.273035826966433380e-03
1.287285713491561831e-02
6.367410319810730412e-03
6.756339334151044602e-03
-1.690169663859663815e-02
7.436606963843637834e-03
2.348749999380670903e-02
2.483098191544413219e-02
1.421624970730793296e-02
1.746464277521175140e-02
2.708446404536122079e-02
1.464464263004649699e-02
3.864910420549233505e-03
2.107428547410028150e-02
2.214062491775091110e-02
1.257142826198999301e-02
3.153732115591743185e-02
1.835803547511542441e-02
4.710712618261019675e-04
1.212499131049397401e-04
-6.960446470177608126e-03
3.276250007123287372e-02
-4.773749974602830605e-03
1.172133904091481570e-02
2.772196400637871871e-02
-4.868392810099093741e-03
7.747857107654476834e-03
-2.142768453301061807e-03
3.052187520536993673e-02
-1.289910768012384173e-03
-7.299732339827875657e-03
1.469491031935571748e-02
5.730535366638959786e-03
1.437562493677251550e-02
1.675535685773938549e-02
1.520339248887529575e-02
8.944642884031466998e-03
1.523125023166648113e-02
1.582071428884352857e-02
2.689803556728708606e-02
2.361785683573356526e-02
-9.491075428468806518e-04
1.183151771953728539e-02
-1.782500081722224053e-03
5.278571540483141880e-03
2.439116052120391884e-02
1.601687465396576387e-02
-3.320446428377175213e-03
1.634303542475348814e-02
-4.313303615904547951e-03
2.850535246151101199e-03
9.004106947320646842e-03
1.979910723719346954e-02
-7.140892940067822443e-03
7.961517906734452699e-03
2.236330359915405033e-02
2.130964264084053358e-02
1.445607115553825157e-02
1.894973187916911689e-02
1.361294657669828712e-02
1.032151757056292904e-02
1.108330323317620325e-02
2.299910676810624013e-02
6.860803402394853936e-03
2.726017840400870099e-02
1.305964257315997933e-02
-6.213393653077696520e-04
2.158535699934830548e-02
1.201687520508920581e-02
2.891107118586077815e-02
1.169491063306506498e-02
-2.317000011145137206e-02
3.975267498607614608e-03
9.830803363238063697e-03
-1.888303483383988032e-03
1.243160668257623988e-02
2.118339260152009990e-02
1.014249970768578250e-02
2.973303284589198618e-03
1.130353735560332516e-04
1.908508898783475155e-02
-2.402678575278924950e-02
-1.075526799148480810e-02
2.741960652904316324e-04
1.813267837625130025e-02
-1.190982209691509317e-03
1.484285724760432516e-02
2.643249973678694562e-02
-8.798214412893032646e-03
4.678125222539531933e-03
1.526830398188238312e-02
2.173598205505737277e-02
-8.250893003872725520e-03
7.800714116929367489e-03
1.111776760295698704e-02
3.256616048299974114e-02
-1.075812528662915997e-02
5.460089037520805474e-03
-4.245535558156099398e-04
1.310160695039002017e-02
1.736785350979436508e-03
1.373517838709854659e-02
1.242973208390841904e-02
2.197696425469725448e-02
