-7.980992867253144141e+01
-7.973638327076672283e+01
-8.000791519693861176e+01
-7.986708938459595686e+01
-7.978786612574059234e+01
-8.000636079012473090e+01
-7.976251044816557112e+01
-7.972657603620363886e+01
-7.986372089249903183e+01
-7.975099069318765999e+01
-7.945479426638266318e+01
-7.932390805235684184e+01
-7.940643566375534590e+01
-7.919153366914770231e+01
-7.904622329123324675e+01
-7.867727575301536547e+01
-7.835654140606058604e+01
-7.768723578143942632e+01
-7.665458656779723867e+01
-7.403478438430305175e+01
-6.966335755900654192e+01
-6.343964717182480939e+01
-5.525010444778541085e+01
-4.769068716988052614e+01
-4.047520347737937385e+01
-3.314232309214885674e+01
-2.786587357574584800e+01
-2.260608359652466604e+01
-1.931971104508483350e+01
-1.619593407774804916e+01
-1.376383997406780502e+01
-1.243684552373673569e+01
-1.177450220668171532e+01
-1.929884458859356400e+01
-3.144406554258403830e+01
-2.188651116335748554e+02
-3.546841040581539346e+02
-3.487872972592948031e+02
-3.416882425714122178e+02
-3.542339915809690751e+02
-3.585109409431664176e+02
-3.575994835177613709e+02
-3.497789966252442468e+02
-3.757974555063573803e+02
-3.822549375081299559e+02
-3.384155778726587300e+02
-3.698849628216974565e+02
-3.698732387921240274e+02
-3.758821728635237491e+02
-3.735594710271776080e+02
-3.460356340919134936e+02
-3.496666287959750434e+02
-3.682311252051045471e+02
-3.476889396939906192e+02
-3.704167774055273412e+02
-3.387650598472417300e+02
-3.785060353145102567e+02
-3.507915530880631536e+02
-3.661129865824265721e+02
-3.504571193307505155e+02
-3.479689912607182691e+02
-3.646296838433838161e+02
-3.689529659956232308e+02
-3.582127262644353323e+02
-3.539584069639810195e+02
-3.576065800353381974e+02
-3.601680319012290283e+02
-3.576012196220781334e+02
-3.323062707504810760e+02
-3.724682017762559667e+02
-3.439574436519056917e+02
-3.645490707566317496e+02
-3.701076787540305304e+02
-3.727432822508984600e+02
-3.823695737329358053e+02
-3.714697906018292315e+02
-3.522659373885893501e+02
-3.359881759466020412e+02
-3.601648265763905670e+02
-3.559955753145231370e+02
-3.716101825781615844e+02
-3.662285134176990482e+02
-3.646890452142716867e+02
-3.753731729278786702e+02
-3.768802582420325962e+02
-3.846155063845642985e+02
-3.552369357726910266e+02
-3.495306342310662444e+02
-3.517183440940394803e+02
-3.699711134789572498e+02
-3.514801688900037675e+02
-3.681361289276043749e+02
-3.570114274946198520e+02
-3.729534312645996579e+02
-3.459105017758236613e+02
-3.616147966175636270e+02
-3.774349098830510911e+02
-3.572855407050865892e+02
-3.784802472621021820e+02
-3.393885619534634088e+02
-3.489703400174913668e+02
-3.877722091077371829e+02
-3.687384167960290142e+02
-3.714117827292329821e+02
-3.580932111743060773e+02
-3.300824213503623810e+02
-3.697998860009992654e+02
-3.672283020416271597e+02
-3.535310165372745246e+02
-3.572764667935394982e+02
-3.762891138698617510e+02
-3.494655446736122713e+02
-3.644212992381477534e+02
-3.600186903605594466e+02
-3.715519637277911897e+02
-3.659183000016155916e+02
-3.465653184362600996e+02
-3.643852961161759936e+02
-3.718643848534246672e+02
-3.795338242757679268e+02
-3.614423234299534897e+02
-3.322415464213723340e+02
-4.166223493137354694e+02
-3.737844603137793342e+02
-3.489473301180156568e+02
-3.511578363559027594e+02
-3.546527572105243848e+02
-3.591510932369047850e+02
-3.736554484335202915e+02
-3.825047118125119709e+02
-3.592893304648000026e+02
-3.535487856353785787e+02
-3.626407305568095580e+02
-3.611075090319862966e+02
-3.782502059019502667e+02
-3.620172482541611316e+02
-3.710965024505533734e+02
-3.736502567872706209e+02
-3.585281635464392593e+02
-3.873139001079567265e+02
-3.512203366597135528e+02
-3.567165743223973777e+02
-3.760926236229207689e+02
-3.662463049332414471e+02
-3.644267183379807875e+02
-3.570135327449955298e+02
-3.588828427723669279e+02
-3.604214211454279280e+02
-3.603875959315292334e+02
-3.640173250257761310e+02
-3.445875246378936936e+02
-3.637545717761235551e+02
-3.810205024861812717e+02
-3.865609673520133356e+02
-3.494477131021920400e+02
-3.687648886076402732e+02
-4.056556828650016655e+02
-3.828621430221411970e+02
-3.685643913392260060e+02
-3.422949570432534188e+02
-3.652947168949713159e+02
-3.624898162241300383e+02
-3.463346075311208665e+02
-3.957348128782198842e+02
-3.700081791628322776e+02
-3.614209295474266241e+02
-3.574646686227183636e+02
-3.786169775840153306e+02
-3.587734915442577517e+02
-3.461117309567389384e+02
-3.652394256853015690e+02
-3.628521011646220131e+02
-3.674392505636607780e+02
-3.823473303964137813e+02
-3.533797705961862334e+02
-3.710842870479204407e+02
-3.625165949866500341e+02
-3.510202117953733136e+02
-3.840828252999043002e+02
-3.730228252746275075e+02
-3.488667419682880677e+02
-3.559420560317950617e+02
-3.692914968203920694e+02
-3.445683548986090159e+02
-3.381375528228143708e+02
-3.645746088053952576e+02
-3.547199680240855741e+02
-3.812391166905432556e+02
-3.853576697905700144e+02
-3.474962823995420536e+02
-3.397970426505527257e+02
-3.444803745218478070e+02
-3.746912064480567324e+02
-3.885759851850019118e+02
-3.782983619237330686e+02
-3.479342246883744565e+02
-3.686073376081316724e+02
-3.725975231034641979e+02
-3.819233861244317154e+02
-3.598168347817422728e+02
