-1.015625005315191464e-03
-1.869196448687996314e-03
5.340178481635780199e-04
4.410446461130464700e-03
4.500892696303448863e-04
-1.558035638782064556e-04
2.229464424374912013e-04
-9.116071491502227052e-04
2.516785753451819714e-03
-5.884821337581209880e-04
-2.234821458846064559e-03
-6.117857136098404881e-04
3.322321408893909333e-04
-1.401160725312572842e-03
-1.683214297777573584e-03
1.290714299958199435e-03
-2.397678619337133971e-03
-1.262499860953534745e-04
3.012767855956087221e-03
-1.869196419550902969e-03
6.955625070059407063e-03
3.213303568932623921e-03
-2.249732147173822902e-02
-3.046696499409148363e-03
-1.463687508045695765e-02
-3.546517874372324269e-02
-4.834258954562247607e-02
-2.247053577007194006e-02
-1.872767857851992401e-02
-1.763330365801895477e-02
-2.411303550736047449e-02
-2.310249991573260289e-02
-1.852660647977276073e-02
-4.762357150357482416e-02
-2.597624964668149294e-02
-3.588285719887353287e-02
-4.426571431452673566e-02
-3.000598240833330863e-02
-3.531803571812009573e-02
-2.063607163315505852e-02
-2.027723215409953789e-02
-2.787366068629947707e-02
2.078660772740841770e-03
-1.884151796985949340e-02
-2.487330356442502693e-02
-3.814973206943168132e-02
7.820536847226321111e-04
-3.492491069491286682e-02
-2.077116058365707785e-02
-1.965955372081537242e-02
-3.501892862564750381e-02
-2.817651784830460526e-02
-1.404607139418034660e-02
-2.075000009076404667e-02
-1.500964280908395621e-02
-3.574312499784864511e-02
-3.086696435676753586e-02
-1.205910719077636119e-02
-1.700696424682891436e-02
-1.550625014606463181e-02
-4.173473222534438559e-02
-4.139455374959588596e-02
-2.572598216958078138e-02
-2.875973224896007444e-02
5.847322864857146252e-04
-2.821705366121604608e-02
-1.399026783475253340e-02
-2.216491055416741282e-02
-1.738714284964039056e-02
-1.881857127262545268e-02
-4.615160735311386875e-02
-5.192232314590363926e-03
-2.418991071597806353e-02
-3.207330368841067314e-02
-1.524839285347344593e-02
-3.467116114808512645e-02
-3.552464281319241829e-02
-3.204482154303364000e-02
-2.812500134895418950e-03
-2.909794655222712120e-02
2.934642901052058380e-03
-6.206428815145044291e-03
-1.254892847665053067e-02
-3.179723202996621867e-02
-2.414562497725044818e-02
-3.754857147578815474e-02
-4.369366076458910259e-02
-3.136651804419234024e-02
-2.147955366196775337e-02
-1.689366072246671277e-02
-7.075089188365800072e-03
-1.879857139374529335e-02
-2.214973216667504713e-02
-2.256991055066298255e-02
-1.358214281014432853e-02
-2.456848231038477604e-02
-2.143508910321897248e-02
-4.262241081916061380e-02
-1.542044660768338363e-02
-3.344187508977151946e-02
7.408037415572640014e-04
-2.138803563946858541e-02
-7.437499978745891818e-03
-3.251580379739670706e-02
-3.868473233540674350e-02
-2.220874982238746700e-02
-1.163553588093658130e-02
-2.695589285402426663e-02
-4.467303573276981687e-02
-1.479303567795348974e-02
1.005982097637429925e-03
-6.332053565845957577e-03
-1.155830372271260398e-02
-3.089785727962985479e-02
-2.626214295416138059e-02
-2.098848211835803793e-02
-1.680160697662670330e-02
-2.030642871276609057e-02
-1.550223241586769565e-02
-1.141258921339176335e-02
3.379464869986147134e-04
-2.198294625938870123e-02
-3.048339295723875506e-02
-1.863741055808828748e-02
-1.310178561054302880e-02
-2.662026778202769561e-02
-3.344214288495215431e-02
-2.700642863065003813e-02
-3.792267847331905889e-02
-1.680107126480767307e-02
-2.870937497743538541e-02
-5.651249917583270332e-03
-1.276776777378815439e-02
-9.773124927009589971e-03
-2.878803566601128086e-02
-2.611482140629419260e-02
-2.583276787174731970e-02
-2.964125007759513958e-02
-3.055705383387393934e-02
-1.209062499863627904e-02
-6.604732048378457801e-03
-5.849732467239463982e-03
-3.477687504771830723e-02
-3.244678583863589566e-02
-2.199973201203558534e-02
-2.052473229252334622e-02
-1.355196430721054487e-02
-2.911910711097132412e-02
-8.041071428910690280e-03
-1.837017855946906225e-02
-3.929821183638914847e-03
-1.971821424452854798e-02
-2.093062500240546603e-02
-6.142857146362911205e-03
-9.738928471492333885e-03
-1.356223206987072771e-02
-2.716116088858273533e-02
-1.257973214876172141e-02
-1.616839271189778396e-02
1.027767827135648562e-03
-1.193214300697270462e-02
-4.682991099044946093e-02
-9.001160611504957151e-03
-3.073383957476222283e-02
-3.113571429897898837e-03
-1.423446423225770315e-02
5.808571533965220350e-03
-1.130991065610599360e-02
-2.059535709982073665e-02
-1.541785762292736256e-03
-1.414205357995815086e-02
-3.008535703145233040e-02
-1.234232165592590545e-02
-3.022294646411735966e-02
-2.210526768912427983e-02
-3.252357165388364280e-02
-3.517853988867126623e-05
-3.136375015696644258e-02
-2.682633930928340557e-02
-4.694375005716998686e-03
-2.465767862265265051e-02
-1.357401783798954480e-02
-6.469107073172927769e-03
-2.340124978859509791e-02
-3.720625001585909503e-02
8.191160901256711036e-03
-1.840678572432537588e-02
-7.356160633206099142e-03
-2.565080385661151069e-02
-4.052374998200685557e-02
-2.301758914907861900e-02
-3.690749994888901930e-02
-1.768892842491955400e-02
-2.207651786524137197e-02
-3.817464299258510607e-02
-7.458928448387555470e-03
-1.005883928587925948e-02
-3.407901784987853872e-02
-2.258151783214748520e-02
-2.582428577388637056e-02
